0	0.000088
1	0.000095
2	0.000103
3	0.000111
4	0.000119
5	0.000128
6	0.000138
7	0.000149
8	0.000160
9	0.000172
10	0.000184
11	0.000198
12	0.000212
13	0.000227
14	0.000243
15	0.000260
16	0.000278
17	0.000297
18	0.000317
19	0.000339
20	0.000361
21	0.000385
22	0.000410
23	0.000437
24	0.000465
25	0.000494
26	0.000525
27	0.000558
28	0.000592
29	0.000628
30	0.000666
31	0.000706
32	0.000747
33	0.000791
34	0.000836
35	0.000883
36	0.000933
37	0.000985
38	0.001039
39	0.001095
40	0.001154
41	0.001215
42	0.001278
43	0.001344
44	0.001413
45	0.001483
46	0.001557
47	0.001633
48	0.001712
49	0.001794
50	0.001878
51	0.001965
52	0.002055
53	0.002147
54	0.002242
55	0.002341
56	0.002441
57	0.002545
58	0.002651
59	0.002760
60	0.002872
61	0.002986
62	0.003103
63	0.003223
64	0.003345
65	0.003470
66	0.003596
67	0.003726
68	0.003857
69	0.003991
70	0.004127
71	0.004264
72	0.004404
73	0.004545
74	0.004688
75	0.004832
76	0.004978
77	0.005125
78	0.005273
79	0.005422
80	0.005571
81	0.005722
82	0.005872
83	0.006023
84	0.006174
85	0.006324
86	0.006474
87	0.006624
88	0.006773
89	0.006921
90	0.007068
91	0.007213
92	0.007357
93	0.007499
94	0.007639
95	0.007776
96	0.007912
97	0.008044
98	0.008174
99	0.008301
100	0.008424
101	0.008544
102	0.008660
103	0.008772
104	0.008881
105	0.008985
106	0.009084
107	0.009179
108	0.009269
109	0.009354
110	0.009434
111	0.009509
112	0.009578
113	0.009642
114	0.009701
115	0.009753
116	0.009800
117	0.009841
118	0.009876
119	0.009905
120	0.009927
121	0.009944
122	0.009954
123	0.009958
124	0.009956
125	0.009948
126	0.009934
127	0.009913
128	0.009887
129	0.009854
130	0.009815
131	0.009770
132	0.009720
133	0.009663
134	0.009601
135	0.009534
136	0.009461
137	0.009383
138	0.009299
139	0.009211
140	0.009118
141	0.009020
142	0.008918
143	0.008811
144	0.008700
145	0.008585
146	0.008466
147	0.008344
148	0.008219
149	0.008090
150	0.007958
151	0.007824
152	0.007687
153	0.007548
154	0.007407
155	0.007264
156	0.007119
157	0.006972
158	0.006825
159	0.006676
160	0.006527
161	0.006377
162	0.006226
163	0.006076
164	0.005925
165	0.005774
166	0.005624
167	0.005474
168	0.005325
169	0.005177
170	0.005029
171	0.004883
172	0.004738
173	0.004595
174	0.004453
175	0.004313
176	0.004175
177	0.004038
178	0.003904
179	0.003772
180	0.003641
181	0.003514
182	0.003388
183	0.003265
184	0.003145
185	0.003027
186	0.002912
187	0.002799
188	0.002689
189	0.002582
190	0.002477
191	0.002375
192	0.002276
193	0.002180
194	0.002087
195	0.001996
196	0.001908
197	0.001823
198	0.001740
199	0.001661
200	0.001583
201	0.001509
202	0.001437
203	0.001368
204	0.001301
205	0.001237
206	0.001175
207	0.001115
208	0.001058
209	0.001004
210	0.000951
211	0.000901
212	0.000852
213	0.000806
214	0.000762
215	0.000720
216	0.000680
217	0.000641
218	0.000605
219	0.000570
220	0.000537
221	0.000505
222	0.000475
223	0.000447
224	0.000419
225	0.000394
226	0.000369
227	0.000346
228	0.000325
229	0.000304
230	0.000285
231	0.000266
232	0.000249
233	0.000232
234	0.000217
235	0.000202
236	0.000189
237	0.000176
238	0.000164
239	0.000152
240	0.000142
241	0.000132
242	0.000122
243	0.000114
244	0.000105
245	0.000098
246	0.000091
247	0.000084
248	0.000078
249	0.000072
250	0.000066
251	0.000061
252	0.000057
253	0.000052
254	0.000048
255	0.000044
